file_id, true label, pred label
1001, 3, 2
1002, 1, 1
1003, 1, 1
1004, 1, 1
1005, 3, 2
10002, 6, 1
10003, 2, 2
10004, 2, 2
10005, 2, 2
10006, 4, 2
10007, 4, 2
10008, 2, 2
10009, 2, 5
10010, 1, 1
10011, 1, 1
10012, 1, 1
10013, 1, 1
10014, 4, 1
10015, 1, 1
10016, 5, 5
10017, 1, 1
10018, 1, 1
10019, 5, 2
10020, 1, 1
10021, 5, 2
10022, 5, 2
10023, 5, 5
10024, 5, 2
10025, 5, 5
10026, 2, 5
10027, 2, 2
10028, 2, 5
10029, 1, 1
10030, 1, 1
10031, 5, 5
10032, 1, 2
10033, 4, 2
10034, 1, 2
10035, 5, 2
10036, 4, 5
10037, 1, 2
10038, 5, 5
10039, 1, 1
10040, 5, 5
10041, 5, 5
10042, 5, 5
10043, 2, 2
10044, 2, 2
10045, 5, 2
10046, 5, 2
10047, 1, 1
10048, 2, 2
10049, 2, 1
10050, 2, 2
10051, 2, 2
10052, 2, 2
10053, 5, 5
10054, 2, 5
10055, 2, 5
10056, 4, 5
10057, 4, 5
10058, 4, 2
10059, 4, 5
10060, 4, 2
10061, 6, 1
10062, 5, 5
10063, 5, 5
10064, 5, 5
10065, 3, 2
10066, 5, 5
10067, 4, 2
10068, 5, 2
10069, 4, 2
10070, 2, 5
10071, 1, 1
10072, 1, 1
10073, 2, 2
10074, 2, 2
10075, 2, 2
11001, 2, 2
11002, 2, 5
11003, 6, 6
11004, 6, 5
11005, 1, 6
11006, 6, 1
11007, 6, 1
11008, 1, 1
11009, 6, 1
11010, 1, 1
11011, 1, 1
11012, 1, 1
11013, 3, 2
11014, 4, 2
11015, 1, 1
11016, 6, 1
11017, 6, 1
11018, 2, 5
11019, 5, 5
11020, 4, 5
11021, 4, 1
11022, 1, 1
11023, 1, 1
11024, 3, 5
11025, 3, 2
11026, 4, 2
11027, 1, 1
11028, 5, 5
11029, 5, 5
11030, 1, 1
11031, 4, 2
11032, 3, 2
11033, 2, 2
11034, 2, 2
11035, 5, 5
11036, 1, 1
11037, 1, 1
11038, 2, 2
11039, 5, 2
11040, 1, 1
11041, 1, 1
11042, 6, 1
11043, 2, 2
11044, 5, 5
11045, 1, 1
11046, 6, 1
11047, 5, 5
11048, 5, 5
11049, 5, 2
11050, 5, 2
11051, 5, 5
11052, 5, 5
11053, 2, 2
11054, 2, 2
11055, 1, 1
11056, 2, 5
11057, 2, 2
11058, 2, 2
11059, 1, 1
11060, 2, 5
11061, 2, 2
11062, 1, 1
11063, 5, 5
11064, 5, 5
11065, 2, 2
11066, 5, 5
11067, 4, 2
11068, 5, 5
11069, 4, 5
11070, 1, 1
11071, 5, 5
11072, 1, 1
11073, 5, 5
11074, 3, 2
11075, 5, 5
11076, 4, 2
11077, 5, 5
11078, 5, 2
11079, 5, 5
11080, 2, 2
11081, 5, 5
11082, 2, 2
11083, 1, 1
11084, 1, 1
12001, 6, 6
12002, 1, 1
12003, 4, 2
12004, 2, 2
12005, 3, 2
12006, 5, 2
12007, 1, 1
12008, 6, 6
12009, 3, 5
12010, 6, 6
12011, 6, 1
12012, 1, 1
12013, 6, 1
12014, 6, 1
12015, 1, 1
12016, 1, 1
12017, 2, 2
12018, 1, 1
12019, 1, 1
12020, 5, 5
12021, 4, 2
12022, 5, 2
12023, 5, 5
12024, 5, 5
12025, 1, 1
12026, 5, 5
12027, 1, 1
12028, 5, 2
12029, 5, 2
12030, 3, 5
12031, 3, 5
12032, 4, 2
12033, 1, 1
12034, 4, 2
12035, 4, 2
12036, 1, 1
12037, 3, 2
12038, 1, 1
12039, 5, 5
12040, 4, 5
12041, 2, 2
12042, 5, 5
12043, 2, 5
12044, 5, 5
12045, 5, 5
12046, 2, 2
12047, 2, 2
12048, 2, 2
12049, 1, 1
12050, 5, 2
12051, 2, 2
12052, 5, 2
12053, 5, 5
12054, 4, 2
12055, 5, 5
12056, 2, 2
12057, 5, 2
12058, 4, 2
12059, 4, 2
12060, 2, 2
12061, 3, 2
12062, 2, 2
12063, 2, 2
12064, 3, 4
12065, 4, 5
12066, 5, 5
12067, 5, 5
12068, 5, 5
12069, 5, 5
12070, 4, 2
12071, 1, 1
12072, 1, 1
12073, 5, 5
12074, 6, 6
12075, 5, 2
12076, 1, 1
12077, 5, 5
12078, 5, 2
12079, 2, 2
12080, 2, 2
12085, 2, 2
13001, 1, 1
13002, 1, 1
13003, 6, 1
13004, 6, 6
13005, 1, 1
13006, 6, 1
13007, 1, 1
13008, 2, 5
13009, 2, 2
13010, 4, 5
13011, 4, 2
13012, 1, 1
13013, 1, 1
13014, 5, 5
13015, 3, 1
13016, 1, 1
13017, 5, 2
13018, 6, 6
13019, 1, 1
13020, 6, 1
13021, 1, 1
13022, 6, 1
13023, 1, 1
13024, 1, 1
13025, 6, 1
13026, 1, 1
13027, 1, 1
13028, 2, 2
13029, 4, 2
13030, 5, 5
13031, 4, 1
13032, 6, 1
13033, 5, 5
13034, 3, 2
13035, 3, 2
13036, 1, 1
13037, 4, 2
13038, 1, 1
13039, 4, 2
13040, 4, 2
13041, 5, 5
13042, 1, 1
13043, 1, 1
13044, 4, 2
13045, 5, 2
13046, 1, 1
13047, 5, 2
13048, 2, 2
13049, 2, 5
13050, 1, 1
13051, 2, 2
13052, 2, 2
13053, 6, 1
13054, 2, 2
13055, 1, 1
13056, 5, 5
13057, 2, 2
13058, 5, 5
13059, 5, 5
13060, 5, 2
13061, 2, 2
13062, 2, 2
13063, 4, 2
13064, 4, 5
13065, 2, 2
13066, 2, 5
13067, 3, 4
13068, 3, 5
13069, 2, 2
13070, 1, 1
13071, 5, 5
13072, 5, 5
13073, 3, 5
13074, 5, 2
13075, 5, 5
13076, 2, 2
13077, 5, 5
13078, 5, 2
13079, 6, 1
13080, 4, 1
13081, 6, 6
13082, 3, 2
13083, 3, 5
13089, 2, 2
13090, 2, 2
14001, 1, 1
14002, 3, 1
14003, 1, 1
14004, 6, 6
14005, 6, 6
14006, 6, 1
14007, 2, 2
14008, 1, 1
14009, 2, 5
14010, 4, 5
14011, 2, 2
14012, 2, 5
14013, 4, 1
14014, 2, 2
14015, 2, 2
14016, 5, 2
14017, 2, 5
14018, 1, 1
14019, 6, 6
14020, 6, 1
14021, 1, 1
14022, 1, 1
14023, 6, 1
14024, 1, 1
14025, 1, 1
14026, 1, 1
14027, 4, 2
14028, 4, 2
14029, 5, 2
14030, 5, 2
14031, 5, 5
14032, 5, 2
14034, 3, 2
14035, 3, 2
14036, 4, 1
14037, 1, 1
14038, 5, 5
14039, 5, 2
14040, 5, 1
14041, 1, 1
14042, 2, 2
14043, 1, 1
14044, 1, 1
14045, 1, 1
14046, 1, 6
14047, 5, 5
14048, 2, 2
14049, 1, 1
14050, 1, 1
14051, 1, 1
14052, 1, 1
14053, 1, 1
14054, 1, 1
14055, 2, 2
14056, 1, 1
14057, 1, 2
14058, 1, 1
14059, 1, 1
14060, 1, 1
14061, 1, 1
14062, 1, 1
14063, 1, 1
14064, 2, 2
14065, 2, 2
14066, 4, 5
14067, 1, 1
14068, 1, 1
14069, 1, 1
14070, 2, 2
14071, 1, 1
14072, 1, 1
14073, 1, 1
14074, 1, 1
14075, 2, 2
14076, 1, 1
14077, 4, 2
14078, 1, 1
14079, 1, 1
14080, 1, 1
14081, 1, 1
14082, 1, 1
14083, 1, 1
14084, 1, 1
14085, 2, 1
15001, 3, 1
15002, 3, 1
15003, 1, 1
15004, 6, 1
15005, 1, 1
15006, 1, 1
15007, 1, 1
15008, 1, 1
15009, 6, 6
15010, 6, 6
15011, 1, 1
15012, 1, 1
15013, 5, 5
15014, 5, 5
15015, 2, 2
15016, 5, 5
15017, 2, 5
15018, 2, 2
15019, 2, 2
15020, 5, 2
15021, 5, 5
15022, 5, 2
15023, 1, 1
15024, 2, 2
15025, 5, 5
15026, 1, 1
15027, 5, 5
15028, 2, 5
15029, 6, 1
15030, 1, 1
15031, 6, 1
15032, 1, 1
15033, 2, 2
15034, 4, 2
15035, 1, 1
15036, 2, 1
15037, 2, 5
15038, 3, 2
15039, 6, 6
15040, 1, 1
15041, 5, 2
15042, 1, 1
15043, 5, 2
15044, 5, 5
15045, 2, 2
15046, 1, 1
15047, 1, 1
15048, 1, 1
15049, 1, 1
15050, 1, 1
15051, 6, 1
15052, 1, 1
15053, 1, 1
15054, 1, 1
15055, 1, 1
15056, 1, 1
15057, 1, 1
15058, 4, 2
15059, 1, 1
15060, 5, 2
15061, 1, 1
15062, 1, 1
15063, 2, 2
15064, 1, 1
15065, 1, 1
15066, 2, 2
15067, 2, 5
15068, 4, 2
15069, 2, 2
15070, 2, 2
15071, 2, 2
15072, 1, 1
15073, 1, 1
15074, 5, 5
15075, 1, 1
15076, 1, 1
15077, 1, 1
15078, 1, 1
15079, 1, 1
15080, 1, 1
15081, 1, 1
15082, 1, 1
15083, 1, 1
15084, 1, 1
15085, 1, 1
15086, 2, 5
15087, 1, 1
15088, 1, 1
15089, 2, 2
15090, 1, 1
15091, 2, 2
15092, 1, 1
16001, 6, 1
16002, 1, 1
16003, 6, 1
16004, 6, 1
16005, 6, 1
16006, 6, 6
16007, 6, 6
16008, 6, 6
16009, 5, 5
16010, 5, 1
16011, 5, 5
16012, 1, 1
16013, 5, 5
16014, 3, 4
16015, 1, 1
16016, 1, 1
16017, 4, 5
16018, 5, 5
16019, 2, 2
16020, 2, 5
16021, 1, 1
16022, 5, 5
16023, 6, 1
16024, 6, 1
16025, 6, 1
16026, 6, 1
16027, 1, 1
16028, 2, 2
16029, 4, 2
16030, 4, 2
16031, 2, 2
16032, 5, 5
16033, 2, 2
16034, 1, 1
16035, 5, 2
16036, 2, 2
16037, 1, 1
16038, 6, 1
16039, 5, 5
16040, 5, 2
16041, 4, 2
16042, 4, 1
16043, 1, 1
16044, 1, 2
16045, 1, 1
16046, 2, 2
16047, 2, 5
16049, 1, 1
16050, 2, 2
16051, 2, 2
16052, 1, 1
16053, 1, 1
16054, 6, 1
16055, 4, 2
16056, 1, 1
16057, 1, 1
16058, 6, 1
16059, 2, 2
16060, 4, 2
16061, 2, 2
16062, 1, 1
16063, 2, 2
16064, 2, 2
16065, 2, 2
16066, 2, 2
16067, 2, 5
16068, 2, 2
16069, 4, 2
16070, 4, 5
16071, 1, 1
16072, 1, 1
16073, 1, 1
16074, 1, 1
16075, 1, 1
16076, 6, 6
16077, 1, 1
16078, 6, 1
16089, 1, 1
17001, 6, 1
17002, 6, 1
17003, 1, 1
17004, 1, 1
17005, 3, 1
17006, 3, 1
17007, 1, 1
17008, 1, 1
17009, 1, 1
17010, 1, 1
17011, 6, 1
17012, 6, 1
17013, 6, 1
17014, 6, 6
17015, 6, 6
17016, 6, 1
17017, 5, 5
17018, 4, 2
17019, 2, 5
17020, 6, 1
17021, 1, 1
17022, 5, 5
17023, 5, 5
17024, 5, 5
17025, 1, 2
17026, 5, 5
17027, 3, 1
17028, 1, 1
17029, 6, 6
17030, 6, 1
17031, 1, 1
17032, 1, 1
17033, 2, 2
17034, 5, 2
17035, 4, 2
17036, 5, 2
17037, 5, 2
17038, 3, 2
17039, 3, 5
17040, 1, 1
17041, 1, 1
17042, 4, 5
17043, 4, 2
17044, 1, 1
17045, 5, 5
17046, 6, 6
17047, 1, 1
17049, 1, 1
17050, 1, 1
17051, 2, 2
17052, 1, 1
17053, 1, 1
17054, 6, 1
17055, 2, 5
17056, 1, 1
17057, 1, 1
17058, 1, 1
17059, 1, 1
17060, 4, 2
17061, 6, 1
17062, 1, 1
17063, 6, 6
17064, 1, 1
17065, 4, 2
17066, 1, 1
17067, 1, 1
17068, 2, 2
17069, 2, 2
17070, 4, 5
17071, 3, 1
17077, 1, 1
17079, 1, 1
17080, 1, 1
17081, 1, 6
17082, 1, 1
17083, 6, 1
17085, 1, 1
17086, 1, 1
17087, 3, 2
17088, 3, 5
17089, 1, 1
17090, 3, 1
17091, 1, 1
17092, 1, 1
18001, 6, 1
18002, 1, 1
18003, 1, 1
18004, 1, 1
18005, 1, 1
18006, 1, 1
18007, 1, 1
18008, 6, 1
18009, 1, 1
18010, 6, 6
18011, 6, 6
18012, 1, 1
18013, 6, 6
18014, 5, 5
18015, 4, 5
18016, 5, 5
18017, 5, 2
18018, 3, 5
18019, 3, 4
18020, 2, 5
18021, 2, 2
18022, 2, 2
18023, 5, 2
18024, 6, 1
18025, 5, 2
18027, 1, 6
18028, 1, 1
18029, 1, 1
18030, 1, 1
18031, 1, 1
18032, 2, 2
18033, 1, 1
18034, 5, 5
18035, 5, 5
18036, 1, 1
18037, 1, 1
18038, 2, 2
18040, 2, 2
18041, 5, 2
18042, 5, 2
18043, 1, 1
18044, 2, 2
18045, 1, 1
18046, 4, 2
18047, 3, 2
18048, 1, 2
18049, 1, 1
18050, 1, 2
18051, 1, 1
18052, 1, 1
18053, 2, 2
18054, 2, 1
18055, 1, 1
18056, 1, 1
18057, 4, 2
18058, 1, 1
18059, 2, 2
18060, 5, 5
18061, 2, 2
18062, 1, 1
18063, 3, 2
18064, 1, 1
18065, 3, 2
18066, 2, 2
18067, 1, 1
18068, 1, 1
18069, 1, 1
18070, 4, 2
18074, 4, 2
18075, 1, 1
18076, 1, 1
18077, 1, 1
18078, 1, 1
18079, 1, 1
18080, 1, 1
18082, 5, 2
18083, 3, 5
18084, 1, 1
18085, 2, 5
18086, 1, 1
18087, 1, 1
18088, 1, 1
18089, 3, 2
18090, 1, 1
19001, 6, 1
19002, 6, 6
19003, 6, 1
19004, 6, 1
19005, 1, 1
19006, 1, 1
19007, 1, 1
19008, 6, 1
19009, 1, 1
19010, 1, 1
19011, 1, 1
19012, 1, 1
19013, 6, 6
19014, 6, 1
19015, 1, 1
19016, 6, 1
19017, 1, 1
19018, 4, 5
19019, 4, 2
19020, 5, 5
19021, 2, 2
19022, 1, 1
19023, 2, 2
19024, 5, 5
19025, 2, 2
19026, 2, 2
19027, 1, 1
19028, 5, 2
19029, 1, 1
19030, 2, 2
19031, 1, 1
19032, 1, 1
19033, 1, 1
19034, 1, 1
19035, 1, 1
19036, 5, 2
19037, 4, 5
19038, 4, 2
19039, 4, 2
19040, 3, 2
19041, 1, 1
19042, 2, 1
19043, 2, 2
19044, 5, 5
19045, 1, 1
19046, 5, 2
19047, 5, 5
19048, 1, 1
19049, 1, 1
19050, 1, 1
19051, 2, 2
19052, 1, 1
19053, 4, 1
19054, 6, 6
19055, 2, 5
19057, 1, 1
19058, 1, 1
19059, 1, 1
19060, 3, 1
19061, 6, 1
19062, 6, 1
19063, 1, 1
19064, 5, 5
19065, 2, 2
19066, 1, 1
19067, 2, 2
19068, 2, 2
19069, 2, 2
19070, 1, 1
19071, 1, 1
19072, 1, 1
19073, 2, 1
19074, 2, 2
19075, 2, 2
19076, 2, 5
19077, 2, 2
19078, 5, 2
19079, 1, 1
19080, 1, 1
19081, 1, 1
19082, 1, 1
19083, 1, 1
19085, 4, 5
19086, 1, 1
19089, 1, 1
19090, 1, 2
19091, 1, 1
19092, 1, 1
19093, 1, 1
19094, 1, 1
19095, 1, 1
2001, 3, 5
2002, 4, 5
2003, 3, 2
2004, 3, 1
2005, 3, 1
2006, 1, 1
2007, 1, 1
2008, 1, 1
2009, 3, 2
2010, 3, 1
2011, 1, 6
2013, 1, 1
2014, 1, 1
2015, 1, 1
2016, 1, 1
20001, 1, 1
20002, 3, 1
20003, 1, 1
20004, 1, 1
20005, 1, 1
20006, 1, 1
20007, 6, 1
20008, 6, 1
20009, 6, 1
20010, 6, 1
20011, 6, 1
20012, 6, 1
20013, 2, 5
20014, 2, 2
20015, 5, 5
20016, 2, 2
20017, 5, 5
20018, 5, 5
20019, 4, 5
20020, 5, 2
20021, 5, 5
20022, 4, 5
20023, 2, 5
20024, 2, 5
20025, 1, 1
20026, 2, 2
20027, 6, 1
20028, 1, 1
20029, 1, 1
20030, 1, 1
20031, 1, 1
20032, 2, 2
20033, 4, 2
20034, 1, 1
20035, 1, 1
20036, 2, 2
20037, 5, 2
20038, 4, 2
20039, 4, 2
20040, 1, 1
20041, 5, 2
20042, 2, 2
20043, 1, 1
20044, 1, 1
20045, 1, 1
20046, 1, 1
20047, 4, 2
20048, 4, 5
20049, 1, 1
20050, 4, 5
20051, 5, 2
20052, 1, 1
20053, 2, 2
20054, 1, 1
20055, 1, 1
20056, 6, 1
20057, 6, 6
20058, 6, 1
20059, 1, 1
20060, 3, 2
20061, 1, 1
20062, 1, 1
20063, 3, 2
20064, 1, 1
20065, 1, 1
20066, 1, 1
20067, 2, 2
20068, 3, 5
20069, 2, 5
20070, 5, 5
20071, 1, 1
20072, 1, 1
20073, 6, 1
20074, 6, 1
20075, 1, 1
20076, 1, 1
20077, 1, 1
20078, 1, 1
20079, 1, 1
20080, 2, 2
20081, 1, 1
20082, 1, 1
20083, 1, 1
20084, 6, 1
20086, 4, 2
20087, 1, 1
20088, 1, 1
20089, 1, 1
20090, 1, 1
20091, 1, 1
20092, 1, 1
21001, 1, 1
21002, 5, 1
21003, 1, 1
21004, 1, 1
21005, 1, 1
21006, 1, 1
21007, 1, 1
21008, 1, 6
21009, 6, 6
21010, 6, 1
21011, 1, 1
21012, 6, 6
21013, 1, 1
21014, 5, 2
21015, 2, 2
21016, 2, 5
21017, 4, 5
21018, 4, 2
21019, 1, 1
21020, 1, 1
21021, 5, 5
21022, 5, 2
21023, 5, 2
21024, 1, 1
21025, 2, 2
21026, 5, 5
21027, 6, 6
21028, 1, 1
21029, 1, 1
21030, 3, 1
21031, 1, 1
21032, 1, 1
21033, 1, 1
21034, 1, 1
21035, 1, 1
21036, 2, 2
21037, 3, 2
21038, 5, 2
21039, 1, 1
21040, 6, 1
21041, 5, 2
21042, 5, 5
21043, 5, 2
21044, 5, 2
21045, 4, 2
21046, 1, 1
21047, 1, 1
21048, 1, 1
21049, 2, 2
21050, 1, 1
21051, 6, 6
21052, 1, 1
21053, 1, 1
21054, 1, 1
21055, 1, 1
21056, 1, 1
21057, 1, 1
21058, 1, 1
21059, 1, 1
21060, 1, 1
21061, 1, 1
21062, 4, 5
21063, 5, 5
21064, 2, 2
21065, 2, 2
21066, 1, 1
21067, 1, 1
21068, 1, 1
21069, 2, 2
21070, 1, 1
21071, 1, 1
21072, 5, 5
21073, 4, 5
21074, 2, 2
21075, 1, 1
21076, 2, 1
21077, 1, 1
21078, 1, 1
21079, 1, 1
21080, 1, 1
21081, 1, 1
21082, 1, 1
21083, 1, 1
21084, 1, 1
21085, 3, 1
21087, 3, 1
21088, 1, 1
21089, 1, 1
21090, 2, 2
21091, 1, 1
21092, 1, 1
22001, 1, 1
22002, 5, 2
22003, 6, 6
22004, 6, 1
22005, 6, 1
22006, 6, 6
22007, 1, 1
22008, 6, 1
22009, 5, 5
22010, 2, 5
22011, 4, 5
22012, 2, 5
22013, 2, 2
22014, 2, 5
22015, 5, 5
22016, 1, 6
22017, 1, 1
22018, 2, 5
22019, 1, 1
22020, 1, 1
22021, 1, 1
22022, 3, 1
22023, 1, 1
22024, 1, 1
22025, 1, 1
22026, 1, 1
22027, 1, 1
22028, 4, 2
22029, 1, 1
22030, 1, 1
22031, 2, 2
22032, 1, 1
22033, 2, 2
22034, 5, 5
22035, 5, 2
22036, 2, 2
22037, 1, 2
22038, 5, 2
22039, 2, 2
22040, 2, 2
22041, 5, 5
22042, 4, 5
22043, 1, 1
22044, 2, 5
22045, 5, 5
22046, 1, 6
22047, 1, 1
22048, 2, 2
22049, 3, 1
22050, 3, 1
22051, 1, 1
22052, 1, 1
22053, 1, 1
22054, 5, 2
22055, 1, 1
22056, 2, 2
22057, 2, 1
22058, 1, 1
22059, 1, 1
22060, 1, 1
22061, 1, 1
22062, 1, 1
22063, 1, 1
22064, 1, 1
22065, 2, 2
22066, 4, 5
22067, 2, 2
22068, 2, 1
22069, 1, 1
22070, 1, 1
22071, 1, 1
22072, 1, 1
22073, 1, 1
22074, 1, 1
22075, 1, 1
22076, 1, 1
22077, 1, 1
22078, 6, 6
22079, 2, 1
22080, 2, 2
22081, 2, 2
22082, 1, 1
22083, 1, 1
22084, 2, 1
22085, 1, 1
22086, 2, 2
23001, 1, 1
23002, 1, 1
23003, 1, 1
23004, 1, 1
23005, 6, 1
23006, 3, 1
23007, 3, 5
23008, 6, 6
23009, 2, 2
23010, 2, 2
23011, 4, 5
23012, 5, 2
23013, 1, 1
23014, 1, 1
23015, 2, 5
23016, 2, 1
23017, 2, 5
23018, 2, 5
23019, 1, 1
23020, 1, 1
23021, 5, 5
23022, 1, 1
23023, 3, 1
23024, 1, 1
23025, 1, 1
23026, 1, 1
23027, 1, 1
23028, 1, 1
23029, 1, 1
23030, 4, 5
23031, 2, 1
23032, 2, 2
23033, 3, 2
23034, 3, 2
23035, 1, 1
23036, 2, 2
23037, 5, 2
23038, 2, 2
23039, 4, 5
23040, 1, 1
23041, 1, 1
23042, 5, 2
23043, 2, 2
23044, 2, 2
23045, 5, 5
23046, 5, 2
23047, 2, 2
23048, 2, 2
23049, 2, 2
23050, 1, 2
23051, 1, 1
23052, 2, 2
23053, 3, 1
23054, 6, 1
23055, 6, 1
23056, 1, 1
23057, 3, 2
23058, 5, 2
23060, 5, 5
23061, 2, 2
23062, 5, 5
23063, 1, 1
23064, 1, 1
23065, 2, 2
23066, 1, 1
23067, 3, 2
23068, 1, 1
23069, 1, 1
23070, 2, 5
23071, 2, 2
23072, 5, 2
23073, 2, 1
23074, 1, 1
23075, 1, 1
23076, 1, 1
23077, 1, 1
23078, 2, 5
23079, 4, 5
23080, 1, 1
23081, 1, 1
23082, 4, 5
23083, 1, 1
23084, 5, 2
23085, 5, 2
23086, 5, 5
23087, 2, 2
23088, 1, 1
23089, 1, 1
23090, 2, 2
24001, 5, 5
24002, 6, 6
24003, 6, 1
24004, 5, 5
24005, 2, 5
24006, 5, 5
24007, 2, 2
24008, 1, 1
24009, 2, 2
24010, 5, 5
24011, 2, 2
24012, 1, 1
24013, 6, 6
24014, 1, 1
24015, 6, 1
24016, 2, 2
24017, 1, 1
24018, 1, 1
24019, 1, 1
24020, 1, 1
24021, 1, 2
24022, 1, 1
24023, 2, 2
24024, 1, 1
24025, 4, 2
24026, 2, 2
24027, 2, 2
24028, 5, 2
24029, 2, 2
24030, 5, 2
24031, 5, 2
24032, 2, 2
24033, 2, 1
24034, 5, 5
24035, 2, 1
24036, 1, 1
24037, 2, 2
24038, 1, 1
24039, 4, 2
24040, 5, 2
24041, 2, 2
24042, 2, 2
24043, 5, 5
24044, 1, 1
24045, 5, 2
24046, 6, 1
24047, 5, 1
24048, 1, 1
24049, 1, 1
24050, 2, 2
24051, 2, 2
24052, 2, 2
24053, 6, 5
24054, 2, 2
24055, 5, 2
24056, 5, 2
24057, 5, 5
24058, 5, 5
24059, 2, 2
24060, 1, 1
24061, 1, 1
24062, 2, 2
24063, 3, 1
24064, 4, 4
24065, 2, 2
24066, 2, 5
24067, 5, 5
24068, 2, 2
24069, 5, 5
24070, 1, 1
24071, 2, 5
24072, 6, 1
24073, 1, 1
24074, 1, 1
24075, 1, 1
24076, 6, 6
24077, 4, 1
24078, 1, 1
24079, 5, 5
24080, 5, 5
24081, 2, 2
24082, 2, 2
24083, 2, 5
24084, 2, 2
24085, 4, 2
24086, 2, 2
25001, 1, 1
25002, 2, 5
25003, 1, 1
25004, 1, 1
25005, 6, 1
25006, 1, 1
25007, 1, 1
25008, 1, 1
25009, 1, 1
25010, 2, 2
25011, 6, 1
25012, 1, 1
25013, 1, 1
25014, 1, 1
25015, 1, 1
25016, 1, 1
25017, 1, 1
25018, 1, 1
25019, 2, 2
25020, 1, 1
25021, 5, 5
25022, 2, 2
25023, 4, 5
25024, 5, 5
25025, 5, 1
25026, 1, 1
25027, 1, 1
25028, 2, 2
25029, 5, 2
25030, 5, 2
25031, 5, 2
25032, 2, 2
25033, 2, 2
25034, 5, 2
25035, 2, 2
25036, 2, 2
25037, 2, 1
25038, 1, 1
25039, 2, 2
25040, 1, 1
25041, 1, 1
25042, 1, 1
25044, 3, 1
25045, 6, 1
25046, 3, 1
25047, 6, 6
25048, 1, 1
25049, 1, 1
25050, 1, 1
25051, 6, 5
25052, 5, 2
25053, 2, 2
25054, 5, 5
25055, 2, 2
25056, 3, 2
25057, 5, 2
25058, 3, 2
25059, 2, 4
25060, 1, 1
25061, 2, 2
25062, 1, 1
25063, 1, 1
25064, 2, 2
25065, 1, 2
25066, 5, 5
25067, 5, 5
25068, 4, 2
25069, 4, 2
25070, 2, 2
25071, 1, 1
25072, 4, 2
25073, 3, 1
25074, 1, 6
25075, 6, 6
25076, 5, 5
25077, 4, 2
25078, 5, 5
25079, 2, 2
25080, 5, 2
25081, 5, 5
25083, 2, 2
25084, 5, 5
25085, 2, 2
25086, 2, 2
26001, 1, 1
26002, 1, 6
26003, 1, 1
26004, 3, 1
26005, 1, 1
26006, 1, 1
26007, 1, 1
26008, 1, 1
26009, 1, 1
26010, 1, 1
26011, 1, 1
26012, 1, 1
26013, 1, 1
26014, 1, 1
26015, 2, 2
26016, 2, 2
26017, 2, 2
26018, 3, 1
26019, 1, 1
26020, 1, 1
26021, 5, 2
26022, 2, 2
26023, 2, 2
26024, 4, 2
26025, 5, 2
26026, 5, 5
26027, 2, 2
26028, 5, 2
26029, 2, 2
26030, 1, 1
26031, 3, 1
26032, 1, 1
26033, 6, 1
26034, 6, 1
26035, 2, 2
26036, 5, 2
26037, 2, 2
26038, 1, 1
26039, 2, 2
26040, 5, 2
26041, 5, 2
26042, 2, 2
26043, 2, 2
26044, 5, 2
26045, 5, 2
26046, 2, 2
26047, 2, 2
26048, 2, 5
26049, 2, 2
26050, 2, 2
26051, 2, 2
26052, 1, 1
26053, 5, 5
26054, 2, 2
26055, 5, 5
26056, 5, 5
26057, 5, 5
26058, 2, 2
26059, 5, 5
26060, 4, 2
26061, 1, 1
26062, 4, 2
26063, 6, 1
26064, 3, 1
26065, 2, 2
26066, 4, 2
26067, 4, 2
26068, 5, 5
26069, 5, 5
26070, 2, 2
26071, 5, 5
26072, 2, 2
26073, 5, 5
26074, 5, 5
26075, 2, 2
26076, 2, 2
26077, 2, 2
27002, 4, 5
27003, 4, 2
27004, 1, 1
27005, 1, 1
27006, 1, 1
27007, 5, 1
27008, 1, 1
27009, 1, 1
27010, 2, 2
27011, 5, 1
27012, 1, 2
27013, 1, 1
27014, 2, 2
27015, 2, 2
27016, 1, 2
27017, 4, 5
27018, 5, 5
27019, 1, 6
27020, 2, 2
27021, 1, 1
27022, 1, 1
27023, 1, 1
27024, 1, 1
27025, 1, 1
27026, 1, 1
27027, 5, 2
27028, 6, 1
27029, 6, 1
27030, 5, 5
27031, 2, 2
27032, 6, 5
27033, 2, 2
27034, 5, 2
27035, 1, 1
27036, 2, 2
27037, 5, 2
27038, 1, 1
27039, 2, 2
27040, 1, 1
27041, 3, 2
27042, 3, 5
27043, 2, 2
27044, 1, 1
27045, 2, 2
27046, 1, 1
27047, 5, 2
27048, 2, 2
27049, 2, 2
27050, 5, 5
27051, 2, 2
27052, 2, 5
27053, 2, 2
27054, 1, 1
27055, 4, 2
27056, 1, 1
27057, 1, 1
27058, 1, 1
27059, 1, 1
27060, 3, 6
27064, 5, 2
27065, 4, 5
27066, 5, 2
27067, 2, 2
27068, 2, 2
27069, 2, 4
28001, 1, 1
28002, 2, 2
28003, 2, 2
28004, 1, 1
28005, 1, 6
28006, 1, 1
28007, 1, 1
28008, 1, 1
28009, 1, 1
28010, 2, 2
28011, 6, 1
28012, 1, 1
28013, 1, 1
28014, 6, 6
28015, 1, 1
28016, 2, 5
28017, 5, 2
28018, 2, 2
28019, 1, 1
28020, 2, 2
28021, 3, 1
28022, 2, 2
28023, 1, 1
28024, 1, 1
28025, 2, 2
28026, 1, 1
28027, 4, 5
28028, 1, 1
28029, 2, 2
28030, 2, 2
28031, 2, 2
28032, 5, 5
28033, 1, 1
28034, 2, 2
28035, 1, 1
28036, 3, 2
28037, 1, 1
28038, 1, 1
28039, 3, 1
28040, 1, 1
28041, 1, 1
28042, 4, 2
28043, 1, 1
28044, 1, 1
28045, 6, 6
28046, 1, 1
28047, 4, 2
28048, 4, 5
28049, 2, 2
28050, 4, 5
28051, 5, 5
28052, 2, 2
28053, 2, 2
28054, 2, 2
28055, 3, 2
28056, 1, 1
29001, 3, 1
29002, 2, 2
29003, 4, 5
29004, 1, 1
29005, 1, 1
29015, 1, 1
29016, 3, 2
29017, 3, 2
29018, 3, 2
29019, 3, 2
29020, 3, 2
29021, 1, 1
29022, 4, 2
29023, 4, 5
29024, 5, 5
29025, 2, 2
29026, 2, 2
29027, 5, 5
29028, 4, 2
29029, 1, 1
29030, 1, 1
29031, 1, 1
29032, 4, 2
29033, 4, 2
29034, 6, 1
29035, 1, 1
29036, 5, 5
29037, 4, 2
29038, 4, 2
29039, 6, 1
29040, 2, 2
29041, 5, 5
29042, 5, 5
29043, 1, 1
29044, 1, 1
29045, 5, 2
29046, 1, 1
29047, 2, 5
3001, 5, 5
3002, 2, 2
3003, 2, 2
3005, 1, 6
3006, 1, 1
3007, 1, 1
3008, 3, 1
3009, 1, 6
3010, 1, 1
3011, 5, 5
3012, 1, 1
3013, 1, 1
3014, 3, 1
3015, 6, 6
3016, 1, 1
3017, 3, 1
3025, 5, 5
3027, 1, 1
3028, 4, 2
30001, 5, 5
30002, 5, 5
30003, 4, 5
30004, 2, 5
30005, 5, 5
30006, 2, 2
30007, 5, 5
30008, 1, 1
30009, 1, 1
30010, 1, 1
30011, 1, 1
30012, 1, 1
30013, 1, 1
30014, 4, 2
30015, 1, 1
30016, 1, 1
30017, 2, 2
30018, 4, 2
30019, 6, 1
30020, 1, 1
30021, 1, 1
30022, 2, 2
30023, 5, 5
30024, 2, 2
30025, 2, 2
30026, 2, 2
31001, 1, 1
31002, 1, 1
31003, 1, 1
31004, 1, 2
31005, 1, 1
4002, 4, 2
4003, 1, 1
4004, 1, 1
4005, 1, 1
4006, 2, 2
4007, 1, 1
4008, 4, 2
4009, 5, 5
4010, 4, 5
4011, 4, 2
4012, 4, 2
4013, 3, 5
4014, 3, 6
4015, 4, 2
4016, 1, 1
4017, 1, 1
4018, 1, 6
4019, 1, 1
4020, 1, 1
4021, 4, 5
4022, 4, 5
4023, 1, 1
4024, 1, 1
4025, 1, 1
4026, 1, 1
4027, 4, 5
4028, 5, 2
4035, 1, 1
4037, 4, 2
5001, 4, 2
5002, 2, 2
5003, 1, 1
5004, 1, 1
5005, 1, 1
5006, 1, 1
5007, 5, 1
5008, 3, 2
5009, 4, 2
5010, 1, 1
5011, 2, 2
5012, 2, 2
5013, 4, 2
5014, 1, 1
5015, 1, 1
5016, 1, 1
5017, 1, 1
5018, 1, 1
5019, 1, 1
5020, 1, 1
5021, 3, 2
5022, 2, 2
5023, 1, 1
5030, 2, 5
5031, 2, 2
5032, 5, 5
5033, 1, 1
5034, 1, 1
5035, 1, 1
5036, 4, 5
5037, 4, 5
5038, 5, 5
5039, 1, 1
5040, 6, 1
5041, 1, 1
5042, 5, 1
5043, 5, 2
5044, 6, 1
5046, 5, 5
5050, 4, 2
5051, 4, 2
5052, 4, 2
6001, 1, 1
6002, 6, 2
6003, 2, 2
6004, 5, 1
6005, 1, 1
6006, 1, 1
6007, 1, 1
6008, 1, 1
6009, 5, 5
6010, 1, 1
6011, 1, 1
6012, 1, 1
6013, 5, 5
6014, 1, 1
6015, 1, 1
6016, 1, 1
6017, 1, 1
6018, 5, 5
6019, 1, 1
6020, 3, 1
6021, 4, 2
6022, 1, 1
6023, 1, 1
6024, 1, 1
6025, 1, 1
6026, 1, 1
6027, 1, 1
6028, 1, 1
6029, 1, 1
6034, 4, 5
6035, 4, 2
6036, 4, 5
6037, 4, 2
6038, 1, 1
6039, 1, 1
6040, 1, 1
6041, 2, 5
6042, 4, 5
6043, 5, 5
6044, 1, 1
6045, 1, 1
6046, 1, 1
6047, 1, 1
6048, 2, 2
6049, 6, 5
6050, 3, 2
6051, 4, 5
6052, 3, 5
6053, 5, 5
6054, 2, 5
6055, 4, 2
6056, 1, 1
6057, 1, 2
7001, 4, 2
7002, 5, 2
7003, 1, 1
7004, 3, 2
7005, 3, 2
7006, 3, 2
7007, 1, 2
7008, 1, 1
7009, 1, 1
7010, 1, 1
7011, 1, 1
7012, 6, 1
7013, 1, 1
7014, 1, 1
7015, 1, 1
7016, 1, 1
7017, 1, 1
7018, 4, 2
7019, 6, 1
7020, 1, 1
7021, 4, 2
7022, 1, 1
7023, 6, 1
7024, 6, 6
7025, 5, 5
7026, 5, 5
7027, 1, 1
7028, 5, 5
7029, 2, 2
7030, 1, 1
7031, 3, 2
7033, 2, 2
7034, 2, 2
7035, 1, 1
7036, 1, 1
7037, 1, 1
7038, 3, 2
7039, 2, 2
7040, 1, 1
7041, 4, 5
7042, 5, 5
7043, 4, 5
7044, 5, 2
7045, 5, 5
7046, 4, 5
7047, 4, 5
7048, 1, 1
7049, 5, 5
7050, 1, 6
7051, 6, 5
7052, 5, 5
7053, 6, 6
7054, 5, 5
7055, 4, 2
7056, 6, 6
7057, 4, 2
7058, 5, 2
7059, 5, 5
7060, 5, 2
7061, 5, 1
7062, 5, 2
7063, 1, 2
7064, 1, 1
7065, 1, 1
7066, 2, 4
8001, 1, 1
8002, 1, 1
8003, 1, 1
8004, 4, 2
8005, 3, 1
8006, 1, 1
8007, 4, 2
8008, 5, 5
8009, 1, 1
8010, 4, 4
8011, 1, 1
8012, 1, 1
8013, 1, 1
8014, 5, 2
8015, 4, 5
8016, 1, 1
8017, 1, 1
8018, 1, 1
8019, 1, 1
8020, 1, 1
8021, 4, 5
8022, 4, 2
8023, 6, 1
8024, 4, 2
8025, 5, 2
8026, 5, 2
8027, 5, 2
8028, 4, 5
8029, 5, 2
8030, 2, 2
8031, 5, 2
8032, 5, 5
8033, 1, 1
8034, 4, 2
8035, 2, 5
8036, 2, 2
8037, 2, 2
8038, 1, 1
8039, 1, 1
8040, 2, 2
8041, 2, 2
8042, 2, 1
8043, 2, 2
8044, 3, 4
8045, 4, 5
8046, 4, 2
8047, 5, 5
8048, 5, 5
8049, 2, 5
8050, 2, 5
8051, 4, 5
8052, 5, 5
8053, 4, 2
8054, 5, 5
8055, 1, 6
8056, 5, 2
8057, 4, 5
8058, 1, 1
8059, 4, 5
8060, 4, 2
8061, 5, 5
8062, 6, 1
8063, 5, 5
8064, 6, 5
8065, 5, 5
8066, 5, 5
8067, 5, 2
8068, 2, 2
8069, 2, 2
9001, 5, 2
9002, 4, 5
9003, 5, 2
9004, 1, 1
9005, 1, 1
9006, 1, 1
9007, 1, 1
9008, 1, 1
9009, 1, 1
9010, 4, 2
9011, 1, 1
9012, 1, 1
9013, 3, 2
9014, 3, 2
9015, 1, 1
9016, 1, 1
9017, 1, 1
9018, 2, 2
9019, 2, 2
9020, 5, 5
9021, 6, 6
9022, 1, 1
9023, 6, 6
9024, 1, 1
9025, 1, 1
9026, 1, 1
9027, 1, 1
9028, 3, 5
9029, 5, 2
9030, 1, 1
9031, 1, 1
9032, 1, 1
9033, 1, 1
9034, 1, 1
9035, 1, 1
9036, 5, 5
9037, 5, 2
9038, 5, 5
9039, 2, 2
9040, 1, 1
9041, 1, 1
9042, 2, 2
9043, 2, 2
9044, 4, 5
9045, 4, 2
9046, 3, 2
9047, 3, 2
9048, 1, 1
9049, 1, 1
9050, 1, 1
9051, 3, 1
9052, 4, 5
9053, 4, 5
9054, 5, 5
9055, 4, 5
9056, 4, 5
9057, 4, 2
9058, 5, 5
9059, 1, 1
9060, 1, 1
9061, 1, 1
9062, 5, 5
9063, 6, 6
9064, 4, 1
9065, 5, 2
9066, 3, 5
9067, 4, 2
9068, 5, 5
9069, 5, 2
9070, 5, 5
9071, 5, 2
9072, 1, 5
9073, 1, 1
9074, 2, 5
