              precision    recall  f1-score   support

           1   0.801061  0.955696  0.871573       316
           2   0.504202  0.774194  0.610687       155
           3   0.000000  0.000000  0.000000        48
           4   0.000000  0.000000  0.000000        81
           5   0.555556  0.629630  0.590278       135
           6   0.758621  0.333333  0.463158        66

    accuracy                       0.660424       801
   macro avg   0.436573  0.448809  0.422616       801
weighted avg   0.569732  0.660424  0.599662       801
